-2.0 -2.0 1.0 -45.0
-2.0 -1.86 1.0 -45.0
-2.0 -1.72 1.0 -45.0
-2.0 -1.59 1.0 -45.0
-2.0 -1.45 1.0 -45.0
-2.0 -1.31 1.0 -45.0
-2.0 -1.17 1.0 -45.0
-2.0 -1.03 1.0 -45.0
-2.0 -0.9 1.0 -45.0
-2.0 -0.76 1.0 -45.0
-2.0 -0.62 1.0 -45.0
-2.0 -0.48 1.0 -45.0
-2.0 -0.34 1.0 -45.0
-2.0 -0.21 1.0 -45.0
-2.0 -0.07 1.0 -45.0
-2.0 0.07 1.0 -45.0
-2.0 0.21 1.0 -45.0
-2.0 0.34 1.0 -45.0
-2.0 0.48 1.0 -45.0
-2.0 0.62 1.0 -45.0
-2.0 0.76 1.0 -45.0
-2.0 0.9 1.0 -45.0
-2.0 1.03 1.0 -45.0
-2.0 1.17 1.0 -45.0
-2.0 1.31 1.0 -45.0
-2.0 1.45 1.0 -45.0
-2.0 1.59 1.0 -45.0
-2.0 1.72 1.0 -45.0
-2.0 1.86 1.0 -45.0
-2.0 2.0 1.0 -45.0
-1.86 -2.0 1.0 -45.0
-1.86 -1.86 1.0 -45.0
-1.86 -1.72 1.0 -45.0
-1.86 -1.59 1.0 -45.0
-1.86 -1.45 1.0 -45.0
-1.86 -1.31 1.0 -45.0
-1.86 -1.17 1.0 -45.0
-1.86 -1.03 1.0 -45.0
-1.86 -0.9 1.0 -45.0
-1.86 -0.76 1.0 -45.0
-1.86 -0.62 1.0 -45.0
-1.86 -0.48 1.0 -45.0
-1.86 -0.34 1.0 -45.0
-1.86 -0.21 1.0 -45.0
-1.86 -0.07 1.0 -45.0
-1.86 0.07 1.0 -45.0
-1.86 0.21 1.0 -45.0
-1.86 0.34 1.0 -45.0
-1.86 0.48 1.0 -45.0
-1.86 0.62 1.0 -45.0
-1.86 0.76 1.0 -45.0
-1.86 0.9 1.0 -45.0
-1.86 1.03 1.0 -45.0
-1.86 1.17 1.0 -45.0
-1.86 1.31 1.0 -45.0
-1.86 1.45 1.0 -45.0
-1.86 1.59 1.0 -45.0
-1.86 1.72 1.0 -45.0
-1.86 1.86 1.0 -45.0
-1.86 2.0 1.0 -45.0
-1.72 -2.0 1.0 -45.0
-1.72 -1.86 1.0 -45.0
-1.72 -1.72 1.0 -45.0
-1.72 -1.59 1.0 -45.0
-1.72 -1.45 1.0 -45.0
-1.72 -1.31 1.0 -45.0
-1.72 -1.17 1.0 -45.0
-1.72 -1.03 1.0 -45.0
-1.72 -0.9 1.0 -45.0
-1.72 -0.76 1.0 -45.0
-1.72 -0.62 1.0 -45.0
-1.72 -0.48 1.0 -45.0
-1.72 -0.34 1.0 -45.0
-1.72 -0.21 1.0 -45.0
-1.72 -0.07 1.0 -45.0
-1.72 0.07 1.0 -45.0
-1.72 0.21 1.0 -45.0
-1.72 0.34 1.0 -45.0
-1.72 0.48 1.0 -45.0
-1.72 0.62 1.0 -45.0
-1.72 0.76 1.0 -45.0
-1.72 0.9 1.0 -45.0
-1.72 1.03 1.0 -45.0
-1.72 1.17 1.0 -45.0
-1.72 1.31 1.0 -45.0
-1.72 1.45 1.0 -45.0
-1.72 1.59 1.0 -45.0
-1.72 1.72 1.0 -45.0
-1.72 1.86 1.0 -45.0
-1.72 2.0 1.0 -45.0
-1.59 -2.0 1.0 -45.0
-1.59 -1.86 1.0 -45.0
-1.59 -1.72 1.0 -45.0
-1.59 -1.59 1.0 -45.0
-1.59 -1.45 1.0 -45.0
-1.59 -1.31 1.0 -45.0
-1.59 -1.17 1.0 -45.0
-1.59 -1.03 1.0 -45.0
-1.59 -0.9 1.0 -45.0
-1.59 -0.76 1.0 -45.0
-1.59 -0.62 1.0 -45.0
-1.59 -0.48 1.0 -45.0
-1.59 -0.34 1.0 -45.0
-1.59 -0.21 1.0 -45.0
-1.59 -0.07 1.0 -45.0
-1.59 0.07 1.0 -45.0
-1.59 0.21 1.0 -45.0
-1.59 0.34 1.0 -45.0
-1.59 0.48 1.0 -45.0
-1.59 0.62 1.0 -45.0
-1.59 0.76 1.0 -45.0
-1.59 0.9 1.0 -45.0
-1.59 1.03 1.0 -45.0
-1.59 1.17 1.0 -45.0
-1.59 1.31 1.0 -45.0
-1.59 1.45 1.0 -45.0
-1.59 1.59 1.0 -45.0
-1.59 1.72 1.0 -45.0
-1.59 1.86 1.0 -45.0
-1.59 2.0 1.0 -45.0
-1.45 -2.0 1.0 -45.0
-1.45 -1.86 1.0 -45.0
-1.45 -1.72 1.0 -45.0
-1.45 -1.59 1.0 -45.0
-1.45 -1.45 1.0 -45.0
-1.45 -1.31 1.0 -45.0
-1.45 -1.17 1.0 -45.0
-1.45 -1.03 1.0 -45.0
-1.45 -0.9 1.0 -45.0
-1.45 -0.76 1.0 -45.0
-1.45 -0.62 1.0 -45.0
-1.45 -0.48 1.0 -45.0
-1.45 -0.34 1.0 -45.0
-1.45 -0.21 1.0 -45.0
-1.45 -0.07 1.0 -45.0
-1.45 0.07 1.0 -45.0
-1.45 0.21 1.0 -45.0
-1.45 0.34 1.0 -45.0
-1.45 0.48 1.0 -45.0
-1.45 0.62 1.0 -45.0
-1.45 0.76 1.0 -45.0
-1.45 0.9 1.0 -45.0
-1.45 1.03 1.0 -45.0
-1.45 1.17 1.0 -45.0
-1.45 1.31 1.0 -45.0
-1.45 1.45 1.0 -45.0
-1.45 1.59 1.0 -45.0
-1.45 1.72 1.0 -45.0
-1.45 1.86 1.0 -45.0
-1.45 2.0 1.0 -45.0
-1.31 -2.0 1.0 -45.0
-1.31 -1.86 1.0 -45.0
-1.31 -1.72 1.0 -45.0
-1.31 -1.59 1.0 -45.0
-1.31 -1.45 1.0 -45.0
-1.31 -1.31 1.0 -45.0
-1.31 -1.17 1.0 -45.0
-1.31 -1.03 1.0 -45.0
-1.31 -0.9 1.0 -45.0
-1.31 -0.76 1.0 -45.0
-1.31 -0.62 1.0 -45.0
-1.31 -0.48 1.0 -45.0
-1.31 -0.34 1.0 -45.0
-1.31 -0.21 1.0 -45.0
-1.31 -0.07 1.0 -45.0
-1.31 0.07 1.0 -45.0
-1.31 0.21 1.0 -45.0
-1.31 0.34 1.0 -45.0
-1.31 0.48 1.0 -45.0
-1.31 0.62 1.0 -45.0
-1.31 0.76 1.0 -45.0
-1.31 0.9 1.0 -45.0
-1.31 1.03 1.0 -45.0
-1.31 1.17 1.0 -45.0
-1.31 1.31 1.0 -45.0
-1.31 1.45 1.0 -45.0
-1.31 1.59 1.0 -45.0
-1.31 1.72 1.0 -45.0
-1.31 1.86 1.0 -45.0
-1.31 2.0 1.0 -45.0
-1.17 -2.0 1.0 -45.0
-1.17 -1.86 1.0 -45.0
-1.17 -1.72 1.0 -45.0
-1.17 -1.59 1.0 -45.0
-1.17 -1.45 1.0 -45.0
-1.17 -1.31 1.0 -45.0
-1.17 -1.17 1.0 -45.0
-1.17 -1.03 1.0 -45.0
-1.17 -0.9 1.0 -45.0
-1.17 -0.76 1.0 -45.0
-1.17 -0.62 1.0 -45.0
-1.17 -0.48 1.0 -45.0
-1.17 -0.34 1.0 -45.0
-1.17 -0.21 1.0 -45.0
-1.17 -0.07 1.0 -45.0
-1.17 0.07 1.0 -45.0
-1.17 0.21 1.0 -45.0
-1.17 0.34 1.0 -45.0
-1.17 0.48 1.0 -45.0
-1.17 0.62 1.0 -45.0
-1.17 0.76 1.0 -45.0
-1.17 0.9 1.0 -45.0
-1.17 1.03 1.0 -45.0
-1.17 1.17 1.0 -45.0
-1.17 1.31 1.0 -45.0
-1.17 1.45 1.0 -45.0
-1.17 1.59 1.0 -45.0
-1.17 1.72 1.0 -45.0
-1.17 1.86 1.0 -45.0
-1.17 2.0 1.0 -45.0
-1.03 -2.0 1.0 -45.0
-1.03 -1.86 1.0 -45.0
-1.03 -1.72 1.0 -45.0
-1.03 -1.59 1.0 -45.0
-1.03 -1.45 1.0 -45.0
-1.03 -1.31 1.0 -45.0
-1.03 -1.17 1.0 -45.0
-1.03 -1.03 1.0 -45.0
-1.03 -0.9 1.0 -45.0
-1.03 -0.76 1.0 -45.0
-1.03 -0.62 1.0 -45.0
-1.03 -0.48 1.0 -45.0
-1.03 -0.34 1.0 -45.0
-1.03 -0.21 1.0 -45.0
-1.03 -0.07 1.0 -45.0
-1.03 0.07 1.0 -45.0
-1.03 0.21 1.0 -45.0
-1.03 0.34 1.0 -45.0
-1.03 0.48 1.0 -45.0
-1.03 0.62 1.0 -45.0
-1.03 0.76 1.0 -45.0
-1.03 0.9 1.0 -45.0
-1.03 1.03 1.0 -45.0
-1.03 1.17 1.0 -45.0
-1.03 1.31 1.0 -45.0
-1.03 1.45 1.0 -45.0
-1.03 1.59 1.0 -45.0
-1.03 1.72 1.0 -45.0
-1.03 1.86 1.0 -45.0
-1.03 2.0 1.0 -45.0
-0.9 -2.0 1.0 -45.0
-0.9 -1.86 1.0 -45.0
-0.9 -1.72 1.0 -45.0
-0.9 -1.59 1.0 -45.0
-0.9 -1.45 1.0 -45.0
-0.9 -1.31 1.0 -45.0
-0.9 -1.17 1.0 -45.0
-0.9 -1.03 1.0 -45.0
-0.9 -0.9 1.0 -45.0
-0.9 -0.76 1.0 -45.0
-0.9 -0.62 1.0 -45.0
-0.9 -0.48 1.0 -45.0
-0.9 -0.34 1.0 -45.0
-0.9 -0.21 1.0 -45.0
-0.9 -0.07 1.0 -45.0
-0.9 0.07 1.0 -45.0
-0.9 0.21 1.0 -45.0
-0.9 0.34 1.0 -45.0
-0.9 0.48 1.0 -45.0
-0.9 0.62 1.0 -45.0
-0.9 0.76 1.0 -45.0
-0.9 0.9 1.0 -45.0
-0.9 1.03 1.0 -45.0
-0.9 1.17 1.0 -45.0
-0.9 1.31 1.0 -45.0
-0.9 1.45 1.0 -45.0
-0.9 1.59 1.0 -45.0
-0.9 1.72 1.0 -45.0
-0.9 1.86 1.0 -45.0
-0.9 2.0 1.0 -45.0
-0.76 -2.0 1.0 -45.0
-0.76 -1.86 1.0 -45.0
-0.76 -1.72 1.0 -45.0
-0.76 -1.59 1.0 -45.0
-0.76 -1.45 1.0 -45.0
-0.76 -1.31 1.0 -45.0
-0.76 -1.17 1.0 -45.0
-0.76 -1.03 1.0 -45.0
-0.76 -0.9 1.0 -45.0
-0.76 -0.76 1.0 -45.0
-0.76 -0.62 1.0 -45.0
-0.76 -0.48 1.0 -45.0
-0.76 -0.34 1.0 -45.0
-0.76 -0.21 1.0 -45.0
-0.76 -0.07 1.0 -45.0
-0.76 0.07 1.0 -45.0
-0.76 0.21 1.0 -45.0
-0.76 0.34 1.0 -45.0
-0.76 0.48 1.0 -45.0
-0.76 0.62 1.0 -45.0
-0.76 0.76 1.0 -45.0
-0.76 0.9 1.0 -45.0
-0.76 1.03 1.0 -45.0
-0.76 1.17 1.0 -45.0
-0.76 1.31 1.0 -45.0
-0.76 1.45 1.0 -45.0
-0.76 1.59 1.0 -45.0
-0.76 1.72 1.0 -45.0
-0.76 1.86 1.0 -45.0
-0.76 2.0 1.0 -45.0
-0.62 -2.0 1.0 -45.0
-0.62 -1.86 1.0 -45.0
-0.62 -1.72 1.0 -45.0
-0.62 -1.59 1.0 -45.0
-0.62 -1.45 1.0 -45.0
-0.62 -1.31 1.0 -45.0
-0.62 -1.17 1.0 -45.0
-0.62 -1.03 1.0 -45.0
-0.62 -0.9 1.0 -45.0
-0.62 -0.76 1.0 -45.0
-0.62 -0.62 1.0 -45.0
-0.62 -0.48 1.0 -45.0
-0.62 -0.34 1.0 -45.0
-0.62 -0.21 1.0 -45.0
-0.62 -0.07 1.0 -45.0
-0.62 0.07 1.0 -45.0
-0.62 0.21 1.0 -45.0
-0.62 0.34 1.0 -45.0
-0.62 0.48 1.0 -45.0
-0.62 0.62 1.0 -45.0
-0.62 0.76 1.0 -45.0
-0.62 0.9 1.0 -45.0
-0.62 1.03 1.0 -45.0
-0.62 1.17 1.0 -45.0
-0.62 1.31 1.0 -45.0
-0.62 1.45 1.0 -45.0
-0.62 1.59 1.0 -45.0
-0.62 1.72 1.0 -45.0
-0.62 1.86 1.0 -45.0
-0.62 2.0 1.0 -45.0
-0.48 -2.0 1.0 -45.0
-0.48 -1.86 1.0 -45.0
-0.48 -1.72 1.0 -45.0
-0.48 -1.59 1.0 -45.0
-0.48 -1.45 1.0 -45.0
-0.48 -1.31 1.0 -45.0
-0.48 -1.17 1.0 -45.0
-0.48 -1.03 1.0 -45.0
-0.48 -0.9 1.0 -45.0
-0.48 -0.76 1.0 -45.0
-0.48 -0.62 1.0 -45.0
-0.48 -0.48 1.0 -45.0
-0.48 -0.34 1.0 -45.0
-0.48 -0.21 1.0 -45.0
-0.48 -0.07 1.0 -45.0
-0.48 0.07 1.0 -45.0
-0.48 0.21 1.0 -45.0
-0.48 0.34 1.0 -45.0
-0.48 0.48 1.0 -45.0
-0.48 0.62 1.0 -45.0
-0.48 0.76 1.0 -45.0
-0.48 0.9 1.0 -45.0
-0.48 1.03 1.0 -45.0
-0.48 1.17 1.0 -45.0
-0.48 1.31 1.0 -45.0
-0.48 1.45 1.0 -45.0
-0.48 1.59 1.0 -45.0
-0.48 1.72 1.0 -45.0
-0.48 1.86 1.0 -45.0
-0.48 2.0 1.0 -45.0
-0.34 -2.0 1.0 -45.0
-0.34 -1.86 1.0 -45.0
-0.34 -1.72 1.0 -45.0
-0.34 -1.59 1.0 -45.0
-0.34 -1.45 1.0 -45.0
-0.34 -1.31 1.0 -45.0
-0.34 -1.17 1.0 -45.0
-0.34 -1.03 1.0 -45.0
-0.34 -0.9 1.0 -45.0
-0.34 -0.76 1.0 -45.0
-0.34 -0.62 1.0 -45.0
-0.34 -0.48 1.0 -45.0
-0.34 -0.34 1.0 -45.0
-0.34 -0.21 1.0 -45.0
-0.34 -0.07 1.0 -45.0
-0.34 0.07 1.0 -45.0
-0.34 0.21 1.0 -45.0
-0.34 0.34 1.0 -45.0
-0.34 0.48 1.0 -45.0
-0.34 0.62 1.0 -45.0
-0.34 0.76 1.0 -45.0
-0.34 0.9 1.0 -45.0
-0.34 1.03 1.0 -45.0
-0.34 1.17 1.0 -45.0
-0.34 1.31 1.0 -45.0
-0.34 1.45 1.0 -45.0
-0.34 1.59 1.0 -45.0
-0.34 1.72 1.0 -45.0
-0.34 1.86 1.0 -45.0
-0.34 2.0 1.0 -45.0
-0.21 -2.0 1.0 -45.0
-0.21 -1.86 1.0 -45.0
-0.21 -1.72 1.0 -45.0
-0.21 -1.59 1.0 -45.0
-0.21 -1.45 1.0 -45.0
-0.21 -1.31 1.0 -45.0
-0.21 -1.17 1.0 -45.0
-0.21 -1.03 1.0 -45.0
-0.21 -0.9 1.0 -45.0
-0.21 -0.76 1.0 -45.0
-0.21 -0.62 1.0 -45.0
-0.21 -0.48 1.0 -45.0
-0.21 -0.34 1.0 -45.0
-0.21 -0.21 1.0 -45.0
-0.21 -0.07 1.0 -45.0
-0.21 0.07 1.0 -45.0
-0.21 0.21 1.0 -45.0
-0.21 0.34 1.0 -45.0
-0.21 0.48 1.0 -45.0
-0.21 0.62 1.0 -45.0
-0.21 0.76 1.0 -45.0
-0.21 0.9 1.0 -45.0
-0.21 1.03 1.0 -45.0
-0.21 1.17 1.0 -45.0
-0.21 1.31 1.0 -45.0
-0.21 1.45 1.0 -45.0
-0.21 1.59 1.0 -45.0
-0.21 1.72 1.0 -45.0
-0.21 1.86 1.0 -45.0
-0.21 2.0 1.0 -45.0
-0.07 -2.0 1.0 -45.0
-0.07 -1.86 1.0 -45.0
-0.07 -1.72 1.0 -45.0
-0.07 -1.59 1.0 -45.0
-0.07 -1.45 1.0 -45.0
-0.07 -1.31 1.0 -45.0
-0.07 -1.17 1.0 -45.0
-0.07 -1.03 1.0 -45.0
-0.07 -0.9 1.0 -45.0
-0.07 -0.76 1.0 -45.0
-0.07 -0.62 1.0 -45.0
-0.07 -0.48 1.0 -45.0
-0.07 -0.34 1.0 -45.0
-0.07 -0.21 1.0 -45.0
-0.07 -0.07 1.0 -45.0
-0.07 0.07 1.0 -45.0
-0.07 0.21 1.0 -45.0
-0.07 0.34 1.0 -45.0
-0.07 0.48 1.0 -45.0
-0.07 0.62 1.0 -45.0
-0.07 0.76 1.0 -45.0
-0.07 0.9 1.0 -45.0
-0.07 1.03 1.0 -45.0
-0.07 1.17 1.0 -45.0
-0.07 1.31 1.0 -45.0
-0.07 1.45 1.0 -45.0
-0.07 1.59 1.0 -45.0
-0.07 1.72 1.0 -45.0
-0.07 1.86 1.0 -45.0
-0.07 2.0 1.0 -45.0
0.07 -2.0 1.0 -45.0
0.07 -1.86 1.0 -45.0
0.07 -1.72 1.0 -45.0
0.07 -1.59 1.0 -45.0
0.07 -1.45 1.0 -45.0
0.07 -1.31 1.0 -45.0
0.07 -1.17 1.0 -45.0
0.07 -1.03 1.0 -45.0
0.07 -0.9 1.0 -45.0
0.07 -0.76 1.0 -45.0
0.07 -0.62 1.0 -45.0
0.07 -0.48 1.0 -45.0
0.07 -0.34 1.0 -45.0
0.07 -0.21 1.0 -45.0
0.07 -0.07 1.0 -45.0
0.07 0.07 1.0 -45.0
0.07 0.21 1.0 -45.0
0.07 0.34 1.0 -45.0
0.07 0.48 1.0 -45.0
0.07 0.62 1.0 -45.0
0.07 0.76 1.0 -45.0
0.07 0.9 1.0 -45.0
0.07 1.03 1.0 -45.0
0.07 1.17 1.0 -45.0
0.07 1.31 1.0 -45.0
0.07 1.45 1.0 -45.0
0.07 1.59 1.0 -45.0
0.07 1.72 1.0 -45.0
0.07 1.86 1.0 -45.0
0.07 2.0 1.0 -45.0
0.21 -2.0 1.0 -45.0
0.21 -1.86 1.0 -45.0
0.21 -1.72 1.0 -45.0
0.21 -1.59 1.0 -45.0
0.21 -1.45 1.0 -45.0
0.21 -1.31 1.0 -45.0
0.21 -1.17 1.0 -45.0
0.21 -1.03 1.0 -45.0
0.21 -0.9 1.0 -45.0
0.21 -0.76 1.0 -45.0
0.21 -0.62 1.0 -45.0
0.21 -0.48 1.0 -45.0
0.21 -0.34 1.0 -45.0
0.21 -0.21 1.0 -45.0
0.21 -0.07 1.0 -45.0
0.21 0.07 1.0 -45.0
0.21 0.21 1.0 -45.0
0.21 0.34 1.0 -45.0
0.21 0.48 1.0 -45.0
0.21 0.62 1.0 -45.0
0.21 0.76 1.0 -45.0
0.21 0.9 1.0 -45.0
0.21 1.03 1.0 -45.0
0.21 1.17 1.0 -45.0
0.21 1.31 1.0 -45.0
0.21 1.45 1.0 -45.0
0.21 1.59 1.0 -45.0
0.21 1.72 1.0 -45.0
0.21 1.86 1.0 -45.0
0.21 2.0 1.0 -45.0
0.34 -2.0 1.0 -45.0
0.34 -1.86 1.0 -45.0
0.34 -1.72 1.0 -45.0
0.34 -1.59 1.0 -45.0
0.34 -1.45 1.0 -45.0
0.34 -1.31 1.0 -45.0
0.34 -1.17 1.0 -45.0
0.34 -1.03 1.0 -45.0
0.34 -0.9 1.0 -45.0
0.34 -0.76 1.0 -45.0
0.34 -0.62 1.0 -45.0
0.34 -0.48 1.0 -45.0
0.34 -0.34 1.0 -45.0
0.34 -0.21 1.0 -45.0
0.34 -0.07 1.0 -45.0
0.34 0.07 1.0 -45.0
0.34 0.21 1.0 -45.0
0.34 0.34 1.0 -45.0
0.34 0.48 1.0 -45.0
0.34 0.62 1.0 -45.0
0.34 0.76 1.0 -45.0
0.34 0.9 1.0 -45.0
0.34 1.03 1.0 -45.0
0.34 1.17 1.0 -45.0
0.34 1.31 1.0 -45.0
0.34 1.45 1.0 -45.0
0.34 1.59 1.0 -45.0
0.34 1.72 1.0 -45.0
0.34 1.86 1.0 -45.0
0.34 2.0 1.0 -45.0
0.48 -2.0 1.0 -45.0
0.48 -1.86 1.0 -45.0
0.48 -1.72 1.0 -45.0
0.48 -1.59 1.0 -45.0
0.48 -1.45 1.0 -45.0
0.48 -1.31 1.0 -45.0
0.48 -1.17 1.0 -45.0
0.48 -1.03 1.0 -45.0
0.48 -0.9 1.0 -45.0
0.48 -0.76 1.0 -45.0
0.48 -0.62 1.0 -45.0
0.48 -0.48 1.0 -45.0
0.48 -0.34 1.0 -45.0
0.48 -0.21 1.0 -45.0
0.48 -0.07 1.0 -45.0
0.48 0.07 1.0 -45.0
0.48 0.21 1.0 -45.0
0.48 0.34 1.0 -45.0
0.48 0.48 1.0 -45.0
0.48 0.62 1.0 -45.0
0.48 0.76 1.0 -45.0
0.48 0.9 1.0 -45.0
0.48 1.03 1.0 -45.0
0.48 1.17 1.0 -45.0
0.48 1.31 1.0 -45.0
0.48 1.45 1.0 -45.0
0.48 1.59 1.0 -45.0
0.48 1.72 1.0 -45.0
0.48 1.86 1.0 -45.0
0.48 2.0 1.0 -45.0
0.62 -2.0 1.0 -45.0
0.62 -1.86 1.0 -45.0
0.62 -1.72 1.0 -45.0
0.62 -1.59 1.0 -45.0
0.62 -1.45 1.0 -45.0
0.62 -1.31 1.0 -45.0
0.62 -1.17 1.0 -45.0
0.62 -1.03 1.0 -45.0
0.62 -0.9 1.0 -45.0
0.62 -0.76 1.0 -45.0
0.62 -0.62 1.0 -45.0
0.62 -0.48 1.0 -45.0
0.62 -0.34 1.0 -45.0
0.62 -0.21 1.0 -45.0
0.62 -0.07 1.0 -45.0
0.62 0.07 1.0 -45.0
0.62 0.21 1.0 -45.0
0.62 0.34 1.0 -45.0
0.62 0.48 1.0 -45.0
0.62 0.62 1.0 -45.0
0.62 0.76 1.0 -45.0
0.62 0.9 1.0 -45.0
0.62 1.03 1.0 -45.0
0.62 1.17 1.0 -45.0
0.62 1.31 1.0 -45.0
0.62 1.45 1.0 -45.0
0.62 1.59 1.0 -45.0
0.62 1.72 1.0 -45.0
0.62 1.86 1.0 -45.0
0.62 2.0 1.0 -45.0
0.76 -2.0 1.0 -45.0
0.76 -1.86 1.0 -45.0
0.76 -1.72 1.0 -45.0
0.76 -1.59 1.0 -45.0
0.76 -1.45 1.0 -45.0
0.76 -1.31 1.0 -45.0
0.76 -1.17 1.0 -45.0
0.76 -1.03 1.0 -45.0
0.76 -0.9 1.0 -45.0
0.76 -0.76 1.0 -45.0
0.76 -0.62 1.0 -45.0
0.76 -0.48 1.0 -45.0
0.76 -0.34 1.0 -45.0
0.76 -0.21 1.0 -45.0
0.76 -0.07 1.0 -45.0
0.76 0.07 1.0 -45.0
0.76 0.21 1.0 -45.0
0.76 0.34 1.0 -45.0
0.76 0.48 1.0 -45.0
0.76 0.62 1.0 -45.0
0.76 0.76 1.0 -45.0
0.76 0.9 1.0 -45.0
0.76 1.03 1.0 -45.0
0.76 1.17 1.0 -45.0
0.76 1.31 1.0 -45.0
0.76 1.45 1.0 -45.0
0.76 1.59 1.0 -45.0
0.76 1.72 1.0 -45.0
0.76 1.86 1.0 -45.0
0.76 2.0 1.0 -45.0
0.9 -2.0 1.0 -45.0
0.9 -1.86 1.0 -45.0
0.9 -1.72 1.0 -45.0
0.9 -1.59 1.0 -45.0
0.9 -1.45 1.0 -45.0
0.9 -1.31 1.0 -45.0
0.9 -1.17 1.0 -45.0
0.9 -1.03 1.0 -45.0
0.9 -0.9 1.0 -45.0
0.9 -0.76 1.0 -45.0
0.9 -0.62 1.0 -45.0
0.9 -0.48 1.0 -45.0
0.9 -0.34 1.0 -45.0
0.9 -0.21 1.0 -45.0
0.9 -0.07 1.0 -45.0
0.9 0.07 1.0 -45.0
0.9 0.21 1.0 -45.0
0.9 0.34 1.0 -45.0
0.9 0.48 1.0 -45.0
0.9 0.62 1.0 -45.0
0.9 0.76 1.0 -45.0
0.9 0.9 1.0 -45.0
0.9 1.03 1.0 -45.0
0.9 1.17 1.0 -45.0
0.9 1.31 1.0 -45.0
0.9 1.45 1.0 -45.0
0.9 1.59 1.0 -45.0
0.9 1.72 1.0 -45.0
0.9 1.86 1.0 -45.0
0.9 2.0 1.0 -45.0
1.03 -2.0 1.0 -45.0
1.03 -1.86 1.0 -45.0
1.03 -1.72 1.0 -45.0
1.03 -1.59 1.0 -45.0
1.03 -1.45 1.0 -45.0
1.03 -1.31 1.0 -45.0
1.03 -1.17 1.0 -45.0
1.03 -1.03 1.0 -45.0
1.03 -0.9 1.0 -45.0
1.03 -0.76 1.0 -45.0
1.03 -0.62 1.0 -45.0
1.03 -0.48 1.0 -45.0
1.03 -0.34 1.0 -45.0
1.03 -0.21 1.0 -45.0
1.03 -0.07 1.0 -45.0
1.03 0.07 1.0 -45.0
1.03 0.21 1.0 -45.0
1.03 0.34 1.0 -45.0
1.03 0.48 1.0 -45.0
1.03 0.62 1.0 -45.0
1.03 0.76 1.0 -45.0
1.03 0.9 1.0 -45.0
1.03 1.03 1.0 -45.0
1.03 1.17 1.0 -45.0
1.03 1.31 1.0 -45.0
1.03 1.45 1.0 -45.0
1.03 1.59 1.0 -45.0
1.03 1.72 1.0 -45.0
1.03 1.86 1.0 -45.0
1.03 2.0 1.0 -45.0
1.17 -2.0 1.0 -45.0
1.17 -1.86 1.0 -45.0
1.17 -1.72 1.0 -45.0
1.17 -1.59 1.0 -45.0
1.17 -1.45 1.0 -45.0
1.17 -1.31 1.0 -45.0
1.17 -1.17 1.0 -45.0
1.17 -1.03 1.0 -45.0
1.17 -0.9 1.0 -45.0
1.17 -0.76 1.0 -45.0
1.17 -0.62 1.0 -45.0
1.17 -0.48 1.0 -45.0
1.17 -0.34 1.0 -45.0
1.17 -0.21 1.0 -45.0
1.17 -0.07 1.0 -45.0
1.17 0.07 1.0 -45.0
1.17 0.21 1.0 -45.0
1.17 0.34 1.0 -45.0
1.17 0.48 1.0 -45.0
1.17 0.62 1.0 -45.0
1.17 0.76 1.0 -45.0
1.17 0.9 1.0 -45.0
1.17 1.03 1.0 -45.0
1.17 1.17 1.0 -45.0
1.17 1.31 1.0 -45.0
1.17 1.45 1.0 -45.0
1.17 1.59 1.0 -45.0
1.17 1.72 1.0 -45.0
1.17 1.86 1.0 -45.0
1.17 2.0 1.0 -45.0
1.31 -2.0 1.0 -45.0
1.31 -1.86 1.0 -45.0
1.31 -1.72 1.0 -45.0
1.31 -1.59 1.0 -45.0
1.31 -1.45 1.0 -45.0
1.31 -1.31 1.0 -45.0
1.31 -1.17 1.0 -45.0
1.31 -1.03 1.0 -45.0
1.31 -0.9 1.0 -45.0
1.31 -0.76 1.0 -45.0
1.31 -0.62 1.0 -45.0
1.31 -0.48 1.0 -45.0
1.31 -0.34 1.0 -45.0
1.31 -0.21 1.0 -45.0
1.31 -0.07 1.0 -45.0
1.31 0.07 1.0 -45.0
1.31 0.21 1.0 -45.0
1.31 0.34 1.0 -45.0
1.31 0.48 1.0 -45.0
1.31 0.62 1.0 -45.0
1.31 0.76 1.0 -45.0
1.31 0.9 1.0 -45.0
1.31 1.03 1.0 -45.0
1.31 1.17 1.0 -45.0
1.31 1.31 1.0 -45.0
1.31 1.45 1.0 -45.0
1.31 1.59 1.0 -45.0
1.31 1.72 1.0 -45.0
1.31 1.86 1.0 -45.0
1.31 2.0 1.0 -45.0
1.45 -2.0 1.0 -45.0
1.45 -1.86 1.0 -45.0
1.45 -1.72 1.0 -45.0
1.45 -1.59 1.0 -45.0
1.45 -1.45 1.0 -45.0
1.45 -1.31 1.0 -45.0
1.45 -1.17 1.0 -45.0
1.45 -1.03 1.0 -45.0
1.45 -0.9 1.0 -45.0
1.45 -0.76 1.0 -45.0
1.45 -0.62 1.0 -45.0
1.45 -0.48 1.0 -45.0
1.45 -0.34 1.0 -45.0
1.45 -0.21 1.0 -45.0
1.45 -0.07 1.0 -45.0
1.45 0.07 1.0 -45.0
1.45 0.21 1.0 -45.0
1.45 0.34 1.0 -45.0
1.45 0.48 1.0 -45.0
1.45 0.62 1.0 -45.0
1.45 0.76 1.0 -45.0
1.45 0.9 1.0 -45.0
1.45 1.03 1.0 -45.0
1.45 1.17 1.0 -45.0
1.45 1.31 1.0 -45.0
1.45 1.45 1.0 -45.0
1.45 1.59 1.0 -45.0
1.45 1.72 1.0 -45.0
1.45 1.86 1.0 -45.0
1.45 2.0 1.0 -45.0
1.59 -2.0 1.0 -45.0
1.59 -1.86 1.0 -45.0
1.59 -1.72 1.0 -45.0
1.59 -1.59 1.0 -45.0
1.59 -1.45 1.0 -45.0
1.59 -1.31 1.0 -45.0
1.59 -1.17 1.0 -45.0
1.59 -1.03 1.0 -45.0
1.59 -0.9 1.0 -45.0
1.59 -0.76 1.0 -45.0
1.59 -0.62 1.0 -45.0
1.59 -0.48 1.0 -45.0
1.59 -0.34 1.0 -45.0
1.59 -0.21 1.0 -45.0
1.59 -0.07 1.0 -45.0
1.59 0.07 1.0 -45.0
1.59 0.21 1.0 -45.0
1.59 0.34 1.0 -45.0
1.59 0.48 1.0 -45.0
1.59 0.62 1.0 -45.0
1.59 0.76 1.0 -45.0
1.59 0.9 1.0 -45.0
1.59 1.03 1.0 -45.0
1.59 1.17 1.0 -45.0
1.59 1.31 1.0 -45.0
1.59 1.45 1.0 -45.0
1.59 1.59 1.0 -45.0
1.59 1.72 1.0 -45.0
1.59 1.86 1.0 -45.0
1.59 2.0 1.0 -45.0
1.72 -2.0 1.0 -45.0
1.72 -1.86 1.0 -45.0
1.72 -1.72 1.0 -45.0
1.72 -1.59 1.0 -45.0
1.72 -1.45 1.0 -45.0
1.72 -1.31 1.0 -45.0
1.72 -1.17 1.0 -45.0
1.72 -1.03 1.0 -45.0
1.72 -0.9 1.0 -45.0
1.72 -0.76 1.0 -45.0
1.72 -0.62 1.0 -45.0
1.72 -0.48 1.0 -45.0
1.72 -0.34 1.0 -45.0
1.72 -0.21 1.0 -45.0
1.72 -0.07 1.0 -45.0
1.72 0.07 1.0 -45.0
1.72 0.21 1.0 -45.0
1.72 0.34 1.0 -45.0
1.72 0.48 1.0 -45.0
1.72 0.62 1.0 -45.0
1.72 0.76 1.0 -45.0
1.72 0.9 1.0 -45.0
1.72 1.03 1.0 -45.0
1.72 1.17 1.0 -45.0
1.72 1.31 1.0 -45.0
1.72 1.45 1.0 -45.0
1.72 1.59 1.0 -45.0
1.72 1.72 1.0 -45.0
1.72 1.86 1.0 -45.0
1.72 2.0 1.0 -45.0
1.86 -2.0 1.0 -45.0
1.86 -1.86 1.0 -45.0
1.86 -1.72 1.0 -45.0
1.86 -1.59 1.0 -45.0
1.86 -1.45 1.0 -45.0
1.86 -1.31 1.0 -45.0
1.86 -1.17 1.0 -45.0
1.86 -1.03 1.0 -45.0
1.86 -0.9 1.0 -45.0
1.86 -0.76 1.0 -45.0
1.86 -0.62 1.0 -45.0
1.86 -0.48 1.0 -45.0
1.86 -0.34 1.0 -45.0
1.86 -0.21 1.0 -45.0
1.86 -0.07 1.0 -45.0
1.86 0.07 1.0 -45.0
1.86 0.21 1.0 -45.0
1.86 0.34 1.0 -45.0
1.86 0.48 1.0 -45.0
1.86 0.62 1.0 -45.0
1.86 0.76 1.0 -45.0
1.86 0.9 1.0 -45.0
1.86 1.03 1.0 -45.0
1.86 1.17 1.0 -45.0
1.86 1.31 1.0 -45.0
1.86 1.45 1.0 -45.0
1.86 1.59 1.0 -45.0
1.86 1.72 1.0 -45.0
1.86 1.86 1.0 -45.0
1.86 2.0 1.0 -45.0
2.0 -2.0 1.0 -45.0
2.0 -1.86 1.0 -45.0
2.0 -1.72 1.0 -45.0
2.0 -1.59 1.0 -45.0
2.0 -1.45 1.0 -45.0
2.0 -1.31 1.0 -45.0
2.0 -1.17 1.0 -45.0
2.0 -1.03 1.0 -45.0
2.0 -0.9 1.0 -45.0
2.0 -0.76 1.0 -45.0
2.0 -0.62 1.0 -45.0
2.0 -0.48 1.0 -45.0
2.0 -0.34 1.0 -45.0
2.0 -0.21 1.0 -45.0
2.0 -0.07 1.0 -45.0
2.0 0.07 1.0 -45.0
2.0 0.21 1.0 -45.0
2.0 0.34 1.0 -45.0
2.0 0.48 1.0 -45.0
2.0 0.62 1.0 -45.0
2.0 0.76 1.0 -45.0
2.0 0.9 1.0 -45.0
2.0 1.03 1.0 -45.0
2.0 1.17 1.0 -45.0
2.0 1.31 1.0 -45.0
2.0 1.45 1.0 -45.0
2.0 1.59 1.0 -45.0
2.0 1.72 1.0 -45.0
2.0 1.86 1.0 -45.0
2.0 2.0 1.0 -45.0
